%YAML:1.0
---
offset_x: 50
offset_y: 90
overlay_width: 140
overlay_height: 140
alpha: 5.0000000000000000e-01
